extreme gradient boosting

0.9995277244995325


precision    recall  f1-score   support

          0       1.00      1.00      1.00    131919
          1       1.00      0.99      0.99      1716
          2       0.98      1.00      0.99      1628
          3       1.00      1.00      1.00     69251
          4       1.00      1.00      1.00      2992

avg / total       1.00      1.00      1.00    207506



random forest

0.8498260291268687

precision    recall  f1-score   support

          0       0.99      0.81      0.89    131919
          1       0.23      0.87      0.37      1716
          2       0.78      0.68      0.73      1628
          3       0.83      0.92      0.87     69251
          4       0.20      0.92      0.32      2992

avg / total       0.91      0.85      0.87    207506

